10
0 0 297 270 212 686 242 63 713 851 900 
1 297 0 914 325 401 657 407 957 138 201 
2 270 914 0 713 629 994 577 975 973 644 
3 212 325 713 0 132 626 706 546 338 556 
4 686 401 629 132 0 946 366 338 902 503 
5 242 657 994 626 946 0 147 126 562 471 
6 63 407 577 706 366 147 0 575 771 375 
7 713 957 975 546 338 126 575 0 603 873 
8 851 138 973 338 902 562 771 603 0 605 
9 900 201 644 556 503 471 375 873 605 0 
